1001	1073	618	1366	792	473	1118	1193	466	1234	1268	1416	1216	1763	1674	1682	277	1713	1482	1913	1321	1228	
772	61	481	1620	1289	657	1662	183	536	110	369	639	1682	1282	265	1896	485	204	1137	1370	1168	1404	1514	958	1937	1591	
1223	417	1347	1219	684	951	320	736	1795	1892	1567	281	1896	1334	1836	1396	1745	1691	973	43	545	1508	817	1021	1890	
1011	1344	1865	859	1426	6	860	723	425	539	1502	1969	338	14	879	1534	645	1905	1409	1019	289	1594	1338	1198	173	1446	
1661 50	1032	137	449	250	230	1245	1896	285	487	1174	465	1030	663	333	1837	1190	281	1863	124	670	487	971	493	830	1092	1721	1075	
514	652	475	811	27	695	691	1179	1557	306	1458	540	227	1419	1125	1022	1542	1572	1217	147	671	220	751	1721	1812	1667	1407	
1578	1945	1662	1762	1301	7	593	479	1647	1639	1035	1082	885	1084	1077	896	1899	1305	924	1684	113	311	1065	402	
1542	1988	844	1196	266	941	1110	287	1253	1388	1867	822	546	246	1472	1037	1539	1677	768	934	1656
1280	812	1079	1417	1763	340	946	1522	1709	489	90	995	141	1498	125	877	525	1826	1443	1514	280	502	1702	855	560	65	45	483	1674	623	1571	13	1883	950	1215	1372	1522	1699	695	1519	1523	801	370	339	1572	772	499	1812	60	1731	179	1638	1487	181	419	1198	1144	1263	1189	52	496	1039	752	116	717	1606	1432	602	459	1883	389	1313	537	612	1799	647	1949	1755	24	1192	1348	883	460	710	1215	229	1029	894	655	363	1367	85	463	1759	181	1165	36	1228	34	684
524	836	1255	1980	1921	877	1650	1633	1962	1545	753	963	1272	1671	1396	988	1739	422	1008	1616	177	227	37	1004	1765	
1001	1409	1565	1827	1605	1605	169	22	1581	1300	1254	68	1564	1360	1902	890	1884	1567	1911	1352	1696	336	1506	531	1917	770	852	426	346	776	1776	626	1983	870	1441	147	389	1194	131	1407	239	484	1317	1151	1008	200	1186	318	1838	549	1657	275	886	789	1502	1070	244	1470	962	389	1495	30	1558	153	888	1510	442	148	1637	487	298	726	226	508	1170
1094	1939	158	1631	658	1377	550	1343	1336	287	914	1757	751	1321	1714	1193	290	641	1695	521	994	943	1425	1787	1509	1588	1019	326	1001	1587	1123	442	641	803	1273	366	1474	762	1179	270	1449	1566	1735	707	989	680	120	1505	1145	863	1922	1122	1488	247	1244	169	1107	119	1035	642	962	1588	586	1873	880	1773	1340	1175	879	839	1303	1107	806	1207	300	252	1117	1611	1138	925	1595	641	1533	1511	1330	345	1902	1769	917	1298	1405	806	1174	1157	1605	1644	1302	6	564	1475
1144	399	902	156	478	842	1895	1648	1010	569	1073	456	1473	1656	1633	1616	93	232	1954	1727	1729	1900	1889	1085	974	
343	27	461	1404	88	39	1003	283	1444	1293	640	1320	1011	1673	1260	990	613	1695	297	1058	1849	781	1123	848	19	57	1531	
1277	1218	788	326	683	1553	36	207	749	1665	24	155	70	283	472	692	254	944	177	64	99	813	563	334	327	128	864	1070	1896	745	735	1034	1595	150	1761	683	1173	1698	1069	1977	1930	1129	663	920	96	1525	869	994
99	1479	4	512	1866	881	1962	528	1234	1794	147	578	1501	911	1645	1344	905	519	1154	429	902	1212	1780	1937	678	259	1550	
69	162	719	910	1506	1127	1203	1349	1931	307	1890	1556	1706	1741	166	423	1508	646	521	1036	666	108	90	336	397	1608	1328	
294	1107	290	1001	83	215	373	1386	1322	657	1607	644	1015	1649	694	806	731	1821	697	641	1973	848	500	839	1175	227	800	1980	17	
146	1842	1968	869	466	1686	227	1926	6	1961	1007	839	428	533	297	1149	1344
769	1367	600	1987	1462	1824	1925	1449	1552	935	1138	223	1456	1941	1748	568	763	1776	1276	1464	1649	1843	1228	
1628	1696	1280	52	1715	1088	943	146	1367	1180	783	1836	1841	1826	754	713	76	1248	990	287	189	1233	799	1909	1627	70	
195	932	644	110	858	998	895	1827	1626	927	567	914	767	862	1126	1930	444	640	751	1029	1271	1767	1509	247	1965	1645	1635	1513	
1920	754	906	257	1871	637	593	151	652	1325	113	769	1012	895	672	647	1482	823	716	68	350	1907	1336
1803	1379	746	1241	1255	275	90	286	859	125	511	1873	1800	252	1620	133	741	138	1648	1162	1199	1466	501	219	1785	1761	
1201	191	1157	1438	1801	207	788	261	265	55	1740	1852	88	391	1668	1378	1769	1719	316	369	1010	549	808	1520	51	1373	125	
1515	765	1990	1807	1398	899	1824	1641	868	233	1040	562	1961	164	178	209	876	1376	1429	111	1513	1938	1546	1124	689	1024	682	573	994	70	324	1710	1334	1152	1497	66	1919	1082	682	499	1244	618	115	235	1222	8	1936
1201	1084	993	1369	1325	247	515	880	1732	473	220	905	719	917	572	680	1381	889	1572	1819	1489	1145	1342	412	245	297	1887	1382	5	85	1540	93	398	659	1074	753	993	1583	587	107	18	1854	138	1244	180	129	970	128	179	1144	534	1967	106	194	1948	81	73	20	424	1181	658	1637	163	354	1568	163	784	132	272	732	168	1383	1505	506	1726	283	261	259	224	1034	1303	1099	1582	954	1178	1863	494	147	194	1713	907	365	1258	1129	216	687	1748	579	1710	968